! _polyline
15.5,0,0
14.9239,3.9988,0.125
13.3373,7.7003,0.25
10.8548,10.8548,0.375
7.6506,13.2513,0.5
3.9474,14.7319,0.625
0,15.2019,0.75
-3.9217,14.6359,0.875
-7.5513,13.0792,1
-10.644,10.644,1.125
-12.9932,7.5016,1.25
-14.444,3.8703,1.375
-14.9038,-0,1.5
-14.348,-3.8445,1.625
-12.8211,-7.4022,1.75
-10.4332,-10.4332,1.875
-7.3526,-12.735,2
-3.7931,-14.1561,2.125
-0,-14.6058,2.25
3.7674,-14.0601,2.375
7.2532,-12.5629,2.5
10.2225,-10.2225,2.625
12.4769,-7.2035,2.75
13.8682,-3.716,2.875
14.3077,0,3
13.7722,3.6902,3.125
12.3048,7.1042,3.25
10.0117,10.0117,3.375
7.0545,12.2187,3.5
3.6388,13.5802,3.625
0,14.0096,3.75
-3.6131,13.4843,3.875
-6.9551,12.0466,4
-9.8009,9.8009,4.125
-11.9606,6.9054,4.25
-13.2923,3.5617,4.375
-13.7115,-0,4.5
-13.1963,-3.5359,4.625
-11.7885,-6.8061,4.75
-9.5901,-9.5901,4.875
-6.7564,-11.7024,5
-3.4845,-13.0044,5.125
-0,-13.4135,5.25
3.4588,-12.9084,5.375
6.6571,-11.5304,5.5
9.3794,-9.3794,5.625
11.4443,-6.6074,5.75
12.7165,-3.4074,5.875
13.1154,0,6
12.6205,3.3817,6.125
11.2722,6.508,6.25
9.1686,9.1686,6.375
6.4583,11.1862,6.5
3.3302,12.4286,6.625
0,12.8173,6.75
-3.3045,12.3326,6.875
-6.359,11.0141,7
-8.9578,8.9578,7.125
-10.928,6.3093,7.25
-12.1406,3.2531,7.375
-12.5192,-0,7.5
-12.0447,-3.2274,7.625
-10.7559,-6.2099,7.75
-8.747,-8.747,7.875
-6.1603,-10.6699,8
-3.1759,-11.8527,8.125
-0,-12.2212,8.25
3.1502,-11.7567,8.375
6.0609,-10.4978,8.5
8.5363,-8.5363,8.625
10.4117,-6.0112,8.75
11.5648,-3.0988,8.875
11.9231,0,9
11.4688,3.0731,9.125
10.2396,5.9119,9.25
8.3255,8.3255,9.375
5.8622,10.1536,9.5
3.0216,11.2769,9.625
0,11.625,9.75
-2.9959,11.1809,9.875
-5.7628,9.9815,10
-8.1147,8.1147,10.125
-9.8955,5.7131,10.25
-10.989,2.9445,10.375
-11.3269,-0,10.5
-10.893,-2.9188,10.625
-9.7234,-5.6138,10.75
-7.904,-7.904,10.875
-5.5641,-9.6373,11
-2.8673,-10.701,11.125
-0,-11.0288,11.25
2.8416,-10.6051,11.375
5.4647,-9.4652,11.5
7.6932,-7.6932,11.625
9.3792,-5.4151,11.75
10.4131,-2.7902,11.875
10.7308,0,12
10.3171,2.7645,12.125
9.2071,5.3157,12.25
7.4824,7.4824,12.375
5.266,9.121,12.5
2.713,10.1252,12.625
0,10.4327,12.75
-2.6873,10.0292,12.875
-5.1667,8.9489,13
-7.2716,7.2716,13.125
-8.8629,5.117,13.25
-9.8373,2.6359,13.375
-10.1346,-0,13.5
-9.7413,-2.6102,13.625
-8.6908,-5.0176,13.75
-7.0609,-7.0609,13.875
-4.9679,-8.6047,14
-2.5587,-9.5494,14.125
-0,-9.8365,14.25
2.533,-9.4534,14.375
4.8686,-8.4326,14.5
6.8501,-6.8501,14.625
8.3466,-4.8189,14.75
9.2614,-2.4816,14.875
9.5385,0,15
9.1655,2.4559,15.125
8.1745,4.7196,15.25
6.6393,6.6393,15.375
4.6699,8.0885,15.5
2.4044,8.9735,15.625
0,9.2404,15.75
-2.3787,8.8775,15.875
-4.5705,7.9164,16
-6.4286,6.4286,16.125
-7.8303,4.5208,16.25
-8.6856,2.3273,16.375
-8.9423,-0,16.5
-8.5896,-2.3016,16.625
-7.6582,-4.4215,16.75
-6.2178,-6.2178,16.875
-4.3718,-7.5722,17
-2.2501,-8.3977,17.125
-0,-8.6442,17.25
2.2244,-8.3017,17.375
4.2724,-7.4001,17.5
6.007,-6.007,17.625
7.314,-4.2228,17.75
8.1098,-2.173,17.875
8.3462,0,18
8.0138,2.1473,18.125
7.1419,4.1234,18.25
5.7962,5.7962,18.375
4.0737,7.0559,18.5
2.0959,7.8218,18.625
0,8.0481,18.75
-2.0701,7.7259,18.875
-3.9744,6.8838,19
-5.5855,5.5855,19.125
-6.7977,3.9247,19.25
-7.5339,2.0187,19.375
-7.75,-0,19.5
-7.4379,-1.993,19.625
-6.6256,-3.8253,19.75
-5.3747,-5.3747,19.875
-3.7756,-6.5396,20
-1.9416,-7.246,20.125
-0,-7.4519,20.25
1.9158,-7.15,20.375
3.6763,-6.3675,20.5
5.1639,-5.1639,20.625
6.2815,-3.6266,20.75
6.9581,-1.8644,20.875
7.1538,0,21
6.8621,1.8387,21.125
6.1094,3.5272,21.25
4.9531,4.9531,21.375
3.4776,6.0233,21.5
1.7873,6.6702,21.625
0,6.8558,21.75
-1.7615,6.5742,21.875
-3.3782,5.8512,22
-4.7424,4.7424,22.125
-5.7652,3.3285,22.25
-6.3822,1.7101,22.375
-6.5577,-0,22.5
-6.2863,-1.6844,22.625
-5.5931,-3.2292,22.75
-4.5316,-4.5316,22.875
-3.1795,-5.507,23
-1.633,-6.0943,23.125
-0,-6.2596,23.25
1.6072,-5.9983,23.375
3.0801,-5.3349,23.5
4.3208,-4.3208,23.625
5.2489,-3.0304,23.75
5.8064,-1.5558,23.875
5.9615,0,24
5.7104,1.5301,24.125
5.0768,2.9311,24.25
4.1101,4.1101,24.375
2.8814,4.9907,24.5
1.4787,5.5185,24.625
0,5.6635,24.75
-1.453,5.4225,24.875
-2.7821,4.8187,25
-3.8993,3.8993,25.125
-4.7326,2.7324,25.25
-5.2306,1.4015,25.375
-5.3654,-0,25.5
-5.1346,-1.3758,25.625
-4.5605,-2.633,25.75
-3.6885,-3.6885,25.875
-2.5833,-4.4745,26
-1.3244,-4.9426,26.125
-0,-5.0673,26.25
1.2987,-4.8467,26.375
2.484,-4.3024,26.5
3.4777,-3.4777,26.625
4.2163,-2.4343,26.75
4.6547,-1.2472,26.875
4.7692,0,27
4.5587,1.2215,27.125
4.0442,2.3349,27.25
3.267,3.267,27.375
2.2853,3.9582,27.5
1.1701,4.3668,27.625
0,4.4712,27.75
-1.1444,4.2708,27.875
-2.1859,3.7861,28
-3.0562,3.0562,28.125
-3.7,2.1362,28.25
-4.0789,1.0929,28.375
-4.1731,-0,28.5
-3.9829,-1.0672,28.625
-3.5279,-2.0369,28.75
-2.8454,-2.8454,28.875
-1.9872,-3.4419,29
-1.0158,-3.7909,29.125
-0,-3.875,29.25
0.9901,-3.695,29.375
1.8878,-3.2698,29.5
2.6347,-2.6347,29.625
3.1838,-1.8381,29.75
3.503,-0.9386,29.875
3.5769,0,30
3.4071,0.9129,30.125
3.0117,1.7388,30.25
2.4239,2.4239,30.375
1.6891,2.9256,30.5
0.8615,3.2151,30.625
0,3.2788,30.75
-0.8358,3.1191,30.875
-1.5897,2.7535,31
-2.2131,2.2131,31.125
-2.6675,1.5401,31.25
-2.9272,0.7843,31.375
-2.9808,-0,31.5
-2.8312,-0.7586,31.625
-2.4954,-1.4407,31.75
-2.0023,-2.0023,31.875
-1.391,-2.4093,32
-0.7072,-2.6393,32.125
-0,-2.6827,32.25
0.6815,-2.5433,32.375
1.2917,-2.2372,32.5
1.7916,-1.7916,32.625
2.1512,-1.242,32.75
2.3513,-0.63,32.875
2.3846,0,33
2.2554,0.6043,33.125
1.9791,1.1426,33.25
1.5808,1.5808,33.375
1.0929,1.893,33.5
0.5529,2.0634,33.625
0,2.0865,33.75
-0.5272,1.9675,33.875
-0.9936,1.7209,34
-1.37,1.37,34.125
-1.6349,0.9439,34.25
-1.7755,0.4757,34.375
-1.7885,-0,34.5
-1.6795,-0.45,34.625
-1.4628,-0.8446,34.75
-1.1592,-1.1592,34.875
-0.7949,-1.3768,35
-0.3986,-1.4876,35.125
-0,-1.4904,35.25
0.3729,-1.3916,35.375
0.6955,-1.2047,35.5
0.9485,-0.9485,35.625
1.1186,-0.6458,35.75
1.1997,-0.3214,35.875
1.1923,0,36
1.1037,0.2957,36.125
0.9465,0.5465,36.25
0.7377,0.7377,36.375
0.4968,0.8605,36.5
0.2443,0.9117,36.625
0,0.8942,36.75
-0.2186,0.8158,36.875
-0.3974,0.6884,37
-0.5269,0.5269,37.125
-0.6023,0.3478,37.25
-0.6238,0.1672,37.375
-0.5962,-0,37.5
-0.5279,-0.1414,37.625
-0.4302,-0.2484,37.75
-0.3162,-0.3162,37.875
-0.1987,-0.3442,38
-0.09,-0.3359,38.125
-0,-0.2981,38.25
0.0643,-0.2399,38.375
0.0994,-0.1721,38.5
0.1054,-0.1054,38.625
0.086,-0.0497,38.75
0.048,-0.0129,38.875
-0,0,39
_Enter